# A.02 Échantillon de 50 professeurs, tiré du groupe de 200 professeurs présenté au tableau A.01.
# Les variables sont :
# ID : Identification de l’unité
# Sexe :  0 = feminim ; 1 = masculin
# DatEntree :  année d’entrée en fonction
# Dep : Département (huit départements numérotés de 1 à 8)
# Saldebut :  Le salaire annuel à la date d’entrée
# Sal02 : Le salaire annuel en 2001
# Exp : le nombre de mois d’expérience avant l’engagement
# Anc : Nombre d’années d’ancienneté en 2001
#  
 Id Sexe DatEntree Dep Saldebut Sal01 Exp Anc
 22    0      2001   4    30574 36098  39   0
 91    1      2000   5    24403 35854  20   1
160    0      1991   8    16654 35976  32  10
 14    1      1974   4     6509 60000  26  27
 23    1      1974   4     7036 62195  30  27
122    0      1977   3     6600 50000  23  24
 39    1      1995   5    13633 33537  13   6
158    0      1985   2    13729 42195  31  16
155    0      1986   7    11595 41098  26  15
 87    1      1976   6     7693 54390  40  25
 28    0      1997   4    24502 33659  28   4
 92    1      1976   4     5024 51951  20  25
  6    1      1985   8    12399 54756  28  16
 36    0      1973   3     5579 65732  27  28
141    1      1977   3     8433 51220  36  24
153    0      1976   7     6733 51951  33  25
102    1      1971   2     4380 56951  16  30
 55    0      1982   6    10212 51585  32  19
103    1      1976   1     6444 53049  27  25
 82    0      1977   3     7701 54146  41  24
126    0      1989   4    13234 40366  23  12
 79    1      1973   4     4929 58780  29  28
 78    0      1977   8     6251 54390  31  24
  7    1      1997   3    21588 41951  21   4
173    0      1992   5    13209 36929  21   9
166    0      1986   5    10143 38659  32  15
110    0      1973   6     6534 54146  27  28
179    0      1985   2    13346 44044  33  16
193    1      1983   7     8048 45467  26  18
121    0      1973   4     4446 52927  16  28
108    0      1974   5     6531 54268  34  27
 67    1      1973   6     6076 56220  24  28
 70    1      1980   6     8896 51707  29  21
 20    1      2001   1    26630 29878  21   0
175    0      2001   6    29673 28390  41   0
183    0      1988   1    12819 41198  20  13
182    0      1997   2    18673 32660  20   4
 74    0      1971   5     4964 62561  27  30
138    1      1970   3     4725 57683  36  31
109    1      1976   2     6458 56463  29  25
152    0      1992   5    18108 35000  38   9
 65    0      1983   6     9010 51951  15  18
164    0      1985   2    12784 45854  30  16
 35    1      1973   4     5006 58171  24  28
106    1      1973   3     7199 58902  40  28
197    1      1985   2    13096 44044  32  16
123    0      1994   4    20700 36951  30   7
 97    1      1973   1     5203 64146  23  28
 53    0      1980   6     9574 50000  43  21
  4    1      1980   1     9976 62317  30  21